110.4

2.6


0.7
20
0.6
0.6



0.3








3.2
0.5

0.2


0.9
0.1
2
9.2
4.1

1.6


5.2

1.3
0.9

0.1


0.7
1.1
0.3
0.2
0.3
0.8

0.2



2
2.3
3



0.4
9.7
3


1.2
1.4
0.7





6.9

3


1






1.2
0.2
0.8

1
1
2.6


0.4
2.2

0.81



1.9





0.7

0.1
0.2
3.7











0.1





0.8
0.3



1


0.7






1
3.8
3



3.9


4.1
0.3
0.2



1.6
1.2





0.2
2.4
0.8




2.6
1.3

0.6
0.2
2.2




















0.9




0.8
2.7


2.7


10.2


5.6
4.8

19.4
0.8
1.2

3.1


5.3
3.2
6.7
0.7
0.1

0.8
12.4

2.2
0.8
0.9


0.9

1.6
1.3
2.1
0.1
5.9
0.7
0.2
0.5
0.4
0.6
3.7

0.6



0.5

4.6
3.6



4.6






1.5
5.7
11.6
0.5
2.4


4.6
2.5
1
14.7
0.2
14.2
5

2.5


4.3


5.3
5.2
0.3



3.9
5.9
2.6
0.8
1
0.3
0.4





2.9
0.5




3.5
7


2.7

1.1
0.1

7.9

3.5



0.8


11.2


13.7
2.2



6.2
0.9
0.3
8.1
11.5
1.2
8.7
5.1


4.9

0.1
11.5
0.2


2.8
2.2

5.5

14.2
1.1
0.8

1.2
0.9
0.7
0.2
10.4
0.3
