4.8
32.4

0.2



63.9



59.4




31.1
32.1
68
15
3
5.8
0.9
42.8
5.4
4.3

1.7


0.3



42.1

67.9



0.8
21.1
7.7

15.5
55.79

9
0.2
4.5

7.2







16.9
10.2
2.8
84.6


9.5

4.4
50.2

9.7
11.4
3.5

7.8
3.8
112.1


25.9
26.9



4.9


18.9


71.7
23


0.7
5.9
46
3.8
14.9

35.8


34.8
1.3

1.2

11.1

9.3
10.4
0.4

32

75.7

21.3
66.3



15.3


79.9

36.5


22.6

74.4

16.6
88.6

53.2
78.3



1.6
26.9
37






0.9
9.6






11.6


9.1


8.1
37.5

21.9
20




11.5

35.1



107.6
11.2

27.6




23.8





11.6







48.9


21.7

1.4
25.2


5.9


3.1
16.2
59.9
20.5
49.9
11.8

11.6
16.5
3.8

57.2
0.1



40.2
26.5
30.6

1.3

100.5
8
43.9



13.1

2.3

82.5







34.6
66.8
1.4
12.1




71.2
57.9


0.6
11
15.7



10.9
4.3
52.2

3.8

38.9






62.3







32.7


2.2

33

2


23.7

17.2

52.4
4.8
33.2





61.4
36.8
23.5


12.7


20.2

5.2
17.4






0.1






60.7

60.8

35.9
2.3

20.6

51

10.3




96.9


74





25.2



3.3
53.6
6.5
187.7
2.3

18.6
20.2
4.8
3.2


14.8
127.3
4.6
23.7


63.4
7.2



2.4
0.8
36
60.8




1.5
0.6
0.2
0.5







46.7
3.1

0.8




0.3
16.7
7.9

2.7
51.7



1.1
50.3

7.5

111.5
31

24.9

3.1




24.6

60.1




50.6

0.8
6
17.9

45.1


6




35.7
11.1
11.1

81.3

15.4
18.3
15.7





57.3
148.7

2.1

0.8

1.7



53.4

135.8
20.6

0.6
76.7

67.6

19.5

14.3
77.1
16.2
12.3
90.4
54.1
82.2
1

45.3
76.9

1.2
76.2
68.3
118.3
65.6

14.3
53.5
11.6
66.1
88.7
18.8
5.9


127.3



82.8
154.5
5.2
137.9
33.9
46.5
4.1
69.9


22.5

20.2
46.7




50.8
20.9



4.2

26.3
47.5
34.8
6.9
66.9
10.3
17.2

0.3
0.7
12


4.6

9.6
24

62.8


56.6
6.1

83.3

18.6

2.9
13.4

75.5
26.6
46



19.6
11.4
11.3




14
1.2
110.7
31.3
12.5
18.3



14.8


18


32.6




102.2
1.4

34
10.3


39.5
37.7
12.2

4

5

72.2
114.6
17.6
21.7
0.2


128.9

2.2
95.2
0.7
1.1
0.3
136.2


8.7
33.7




105
27.4
31.2
12.2

89.8

46.1
25.7



148.8



10.6
0.2

6.1

9.8

31
4.2
2.4

84.6





9.5




62
5.3

12.7


0.6



14
63.5
28.7
20.8
58.6
4.3


44.7
41.7





1.8
52.7
6.2




13.9
1.7
55.5


10.2




14.3
5.2
27.7

3
16.3
8.4



39.3
1.4








49.1
17.6

6.1


14.6

12.5
3.5


4.1


7.8
14.5
12.8


12.5
90
1

9
5.8

23

3.6
22.3
4
22.1
43.2



112.3
27.2
40.5
100.6
0.3

1.4
0.3

26.5
21.8

54.2
8.1
0.2
0.8

24.8
31
21.6

20.4
2.6
0.2
38.4




24.3

19.1

14.6


10.6

0.7
0.2






8.9




29

25.9
24.1




8.9
76.5
21.5

6.5

81.4

43.1




0.3

1.3
6.3
5.1


0.3
1
16.2
15.1
1.3


6.3
2

25.8
48.3


15.9
48.3

25.9
25.9

6.6

16
0.7

0.2


32.6
6.6

40.3


3.8

43.9
