7.9

0.5
0.1
0.1
0.3
1.7

0.6
2.2


25.4


3.4
11.5
7.6






0.1
14.2


2.5


0.4
1.4


0.2

4.4
0.8
1





0.3

0.3




1.7



1

1



2.5

17.6

21.5
68.7




0.3

39
0.2

1.6

1.2
1.3
1.1
9.7

0.9


4.5
3

0.1

9.4
0.2


0.2
2.3

9.9



1.4
2.8



0.4
0.1
0.3
14.3
0.1


0.3

9.7
9.7

0.3
2.1

0.8
8.7


0.1

2.5
3.6
0.1

2.7
0.7
7.3


3
0.4



24.5

1





5.7


2.7




0.4

0.1
0.3
1.2

1
3
3.5
1
0.3











14.6
1.7

1




0.1
0.7
1.3
0.5



62.8
31
0.2
3.7


1


3.2
0.4
4
19.2





16.7
0.3


12.2
12.8

1
4.1
0.8
5.8
3.7



1


54.4
0.4






0.2


1.3


0.2
1.6
0.1
2.6

15.4

3.8


1.4

3.9

6.7

14.1
0.3





5.4
13.8

1.6
1.2




0.6

0.4
0.2






0.8
5.4










2.6

2.8
1.3



4.8
0.6






1.4
0.7
0.3
0.5
0.8
2



3.5




2.3
2.6





0.3





1.5
5.6

7.1
1.1
22.5
0.6
0.8
1.2





47.6



3.2
6.7
0.7

13.9
0.5
2.4

0.2
9.4

8.5
1.7
0.9
3.5


7.4




28


0.9

0.1

0.9
0.3

2.2


0.7



1.6

0.3
0.1
1.5
0.2
0.9
0.9
69.2
5.4

0.1


0.7
0.1
4.6

2.5
1
14.7
0.2
14.2

0.9

5




14
2.5

4.3

6.5

5.3
0.3




1.2




2.6
0.3
0.4

0.3



0.2

2



























1.7
