91.7


8.7



0.5
0.1
3.1
0.1

0.3
19.7


1.3

62.4
3

14.1
2.5
3.5
60.8


44




19.2
77.6



1.7
2.1










5
8.4

2
0.2

12
1.1

1.4






23.2

2.8
172.1




3.1
1.2

24.4


109.7






2.6



21.1


16.4



2.1

0.5

25.7
5.9
25.5
30.1

0.6
0.4

70.5

59.7
0.9
9.9


6.3

3.6






19.7




107.1

82.3
0.2

29.8




0.1

31.5


20.6





4.5



92.1






9.4
5.1


249.1
4.8
29.4
2.9
0.9
136.5
0.9
148.9
0.4
24.2
10.7
201.9
28.7
70.6
40.1




2.5


91.6
0.5



0.8





8.7
11.7





146.7




11.6



10.6
0.2
0.1



139.5




46.4

28.5


48.9


150.8
25.2
10.2
1.6


11


5.9


60.3







3.4

59.9


1.7




49.9

58.5




11.6
0.4

0.2
157.7
82.6


0.3

351
48.7


1.3

68.8

2.8



82.5
7.8
2.3





1.8
83.1
15.5


0.6
0.7

9.1


66.8
22.3

33.5
2.3
1.3
45.2
8.9
45.7
0.2

71.2


0.5


35.4
14.8
110.9
11
15.7
6



4.3

0.1
16.1
2
1.4
1.7
5.9


3.8

13.1
3.3
25.5
135.6

141.8













222.1



1.9
1.2
2.6
2.2
0.1


2



3.3
26.7
107.5
52.4



13.1



156.3



13.7
2.3
0.1
2.7
2.1


93.7
26.9

2.1
11
2.3
20
12



89.4



2.5
38.8

41.2

4.8


81







4.9


2.3

29.1
2.4
40.6



59.4


13


20.8









3.3
53.9
28.9
2.3
1.9

112.5

11.2


20.2

175.7
18.5
4.8




92.3



5.5
3.7
20.35

8


14.8


127.3


4.6




0.4

2.4
0.8
36
25




25.1
0.5
0.2



13.2

81.7


0.4
0.4

3.1
0.8

22.7
3.3

0.3
7.9
41.1
2.2


1.1
2.7
51.7
58.2


1.1

17



7.5


14.1

1
11
0.5



17.4
24.6



0.1
60.1
58.4
50.6

0.8
6

17.9
14.9
15
4.4
6
32.7
3.2

25.8

24.3

33.3



10.9
48.4

73.6
4.7





4.1
6.2
25.8
0.2
8.4
16.6


11
0.4

6
19.5
3
12.4
2.6
135.8
23.2
9.3
67.6

54.1
1


3
24
3.6


12.5



0.9


24.9

0.4
64
26.2

5.9
55.8

3




38.9
25

29.8



19.2


0.5
5.2
8.4
27
27.8
21.3
2.9
3.3

24.9
8.9
19.8
0.3
2.8


1.5

60
5.3

47.5
22.2
16.3

40.5

20.1
1.3

15
31.2


20

10.8


16.3
6.1

46.5
26.2

1.4
13.4
1.6
21.2

3.6
19.6

2.7
0.6




39.2
18.8
16.7

43.2


1.1



39
81.3
3.5
0.6
1.4
34



26.5

21.7

0.1
1.1


0.3

99


19.5



23


17.4
29.4
32.4

46.1
100.5
1.7
17.9
62.6



5.5
0.1

12.7


20.8





2.2
1.8
25.3
55.5



1.2
1.5
47.2
3.7
53.5




0.3




17.6


0.2

0.5
12.2

5.1














20





0.5






35



16.3

1


5.2





3.3
