85.6
102.2
66.4
106
164.4
62.1
59
59.3
116.4
11.8
565.1
48.7
23.2
43.7
30.1
1.5
8
1
17.7
0.1
56.9
68.2
9.9
27.5
13.2
6.8
35.4
56.9
26.6
85.4
17.6
25.8
78.6
116.8
48
17.6
25.8
5.6
1.8
23.1
12.2
66.5
438.7
48.3
45.8
46.2
121.4
210.9
7.9
1.7
131.8
90
12.6
51.2
11.8
11.7
28.2
43.3
66
7.2
10.5
78.7
76.7
106
58.2
92.1
73.1
13.7
89.6
89.2
106.1
237.1
73.7
150.5
85.7

414.7
89.2
17.5
49.7
131.6
22.2
119.7
97.5
254.5
5.2
76.2
52.1
470.6
547.2
9.5
42.7
25
47
8
147
157
148
0
319
15
54
51
1
2
58
59
16
43
191
168
35
29
86
69
46
20
2
7
1
155
15
51
26
23
0
43
2
0
137
5
17
0
18
31
2
8
59
473
59
34
80
0
0
64
84
94
89
32
110
72
45
18
21
25
129
29
0.01
61
17.1
102
235
200
237
85
273
160
81
8
2
2
80
62
98
24
47
11
1
7
207
207
109
160
133
243
3
86
58
12
13
114
30
3
19
448
293
31
6
250
560
53
8
472
173
6
94
258
38
81
328
50
59
136
592
30
221
0
40
11
159
38
20
142
15
78
6
